0.664798 0.464259 0.6821 0.668652 0.465873 0.694085 0.683541 0.448004 0.630148 0.431448 0.471467 0.613972 0.437085 0.454207 0.613907 0.698647 
0.691926 0.699328 0.693329 0.693862 0.460054 0.647909 0.694413 0.696411 0.691862 0.469126 0.602221 0.66164 0.662053 0.433564 0.463042 0.489091 
0.409865 0.468632 0.68399 0.631555 0.660519 0.676902 0.692304 0.605696 0.634591 0.661606 0.483215 0.421354 0.671335 0.449734 0.687459 0.639458 
0.63896 0.41424 0.653971 0.650723 0.651195 0.600204 0.415477 0.409803 0.634541 0.456966 0.457475 0.432637 0.644149 0.661483 0.483952 0.429855 
0.437385 0.675761 0.481227 0.461668 0.471545 0.698873 0.666457 0.666162 0.642017 0.466215 0.429751 0.655113 0.690542 0.603212 0.483455 0.636085 
0.406639 0.46608 0.417504 0.45006 0.655448 0.480269 0.661088 0.483076 0.454494 0.412341 0.603055 0.402982 0.405339 0.602638 0.632799 0.660855 
0.644779 0.684966 0.65339 0.663431 0.437555 0.644097 0.639144 0.489464 0.634469 0.645034 0.459104 0.632353 0.46739 0.403354 0.604689 0.657044 
0.692351 0.619013 0.425327 0.676584 0.621201 0.663553 0.447476 0.486623 0.652741 0.666037 0.441532 0.66596 0.606132 0.688614 0.642825 0.411593 
0.679272 0.409599 0.692265 0.620382 0.613971 0.459969 0.463661 0.654729 0.461634 0.44627 0.441073 0.66385 0.669736 0.697819 0.441686 0.426835 
0.664714 0.433032 0.44373 0.487428 0.68656 0.448725 0.423503 0.682399 0.452647 0.671209 0.442294 0.691453 0.627048 0.657991 0.400075 0.697617 
0.423185 0.477157 0.667857 0.660784 0.6212 0.622956 0.614447 0.649232 0.684267 0.642094 0.435691 0.639166 0.653868 0.415459 0.653209 0.616696 
0.417715 0.450467 0.617886 0.610201 0.475588 0.4132 0.479749 0.422975 0.610852 0.622637 0.658042 0.422294 0.687462 0.693344 0.465318 0.460657 
0.618076 0.414967 0.400816 0.416414 0.487739 0.648121 0.425947 0.416172 0.459185 0.686224 0.660914 0.407138 0.430869 0.673909 0.610421 0.627868 
0.458527 0.467286 0.624377 0.400328 0.440035 0.425358 0.634275 0.61067 0.640951 0.646059 0.652149 0.697792 0.404397 0.646894 0.474074 0.68339 
0.446494 0.606045 0.683534 0.616071 0.461048 0.605606 0.666905 0.40213 0.612285 0.613852 0.699266 0.404959 0.475147 0.672346 0.405891 0.624804 
0.469736 0.604723 0.692761 0.696186 0.489119 0.48348 0.657233 0.69563 0.665288 0.420995 0.675052 0.639109 0.473957 0.424216 0.414041 0.672616 
0.440625 0.481439 0.662013 0.635423 0.408031 0.652489 0.683023 0.464731 0.455449 0.696649 0.439877 0.471883 0.462348 0.436292 0.464147 0.662401 
0.675166 0.475264 0.620144 0.629203 0.614473 0.488462 0.462459 0.639255 0.672076 0.611447 0.62819 0.406653 0.423319 0.452085 0.607517 0.46378 
0.413656 0.417357 0.475566 0.65486 0.444416 0.48231 0.466569 0.441938 0.455058 0.605906 0.444409 0.666295 0.410719 0.696527 0.480566 0.666457 
0.681516 0.432653 0.68951 0.480891 0.603264 0.442909 0.602958 0.613371 0.425833 0.678668 0.68101 0.42467 0.419843 0.483679 0.468871 0.459054 
