260 1 18 0 0 0 0 0 0 0 0 0 0 0 0 0 
180 91 1 11 0 0 0 0 0 0 0 0 0 0 0 0 
1122 63 55 1 7 0 0 0 0 0 0 0 0 0 0 0 
1106 393 38 33 1 5 0 0 0 0 0 0 0 0 0 0 
3369 388 236 23 20 1 3 0 0 0 0 0 0 0 0 0 
6374 1180 233 142 14 12 1 2 0 0 0 0 0 0 0 0 
11678 2231 708 140 86 9 8 1 2 0 0 0 0 0 0 0 
34546 4088 1339 425 84 52 6 5 1 2 0 0 0 0 0 0 
56428 12092 2453 804 255 51 32 4 3 1 2 0 0 0 0 0 
119308 19750 7256 1472 483 153 31 20 3 2 1 2 0 0 0 0 
209890 41758 11850 4354 884 290 92 19 12 2 2 1 2 0 0 0 
512290 73462 25055 7110 2613 531 174 56 12 8 2 2 1 2 0 0 
885600 179302 44078 15033 4266 1568 319 105 34 8 5 2 2 1 2 0 
1651823 309960 107582 26447 9020 2560 941 192 63 21 5 5 2 2 1 2 
3712830 578139 185976 64550 15869 5412 1536 565 116 38 13 5 5 2 2 1 
8601930 1299491 346884 111586 38730 9522 3248 922 339 70 23 13 5 5 2 2 
18374112 3010676 779695 208131 66952 23238 5714 1949 554 204 42 23 13 5 5 2 
34874712 6430940 1806406 467817 124879 40172 13943 3429 1170 333 123 42 23 13 5 5 
74396832 12206150 3858564 1083844 280691 74928 24104 8366 2058 702 200 123 42 23 13 5 
127051238 26038892 7323690 2315139 650307 168415 44957 14463 5020 1235 422 200 123 42 23 13 
295 1 18 0 0 0 0 0 0 0 0 0 0 0 0 0 
204 104 1 11 0 0 0 0 0 0 0 0 0 0 0 0 
1461 72 63 1 7 0 0 0 0 0 0 0 0 0 0 0 
1439 512 44 38 1 5 0 0 0 0 0 0 0 0 0 0 
4829 504 308 27 23 1 3 0 0 0 0 0 0 0 0 0 
9368 1691 303 185 17 14 1 2 0 0 0 0 0 0 0 0 
18604 3279 1015 182 111 11 9 1 2 0 0 0 0 0 0 0 
56843 6512 1968 609 110 67 7 6 1 2 0 0 0 0 0 0 
99354 19896 3908 1181 366 66 41 5 4 1 2 0 0 0 0 0 
218399 34774 11938 2345 709 220 40 25 3 3 1 2 0 0 0 0 
407343 76440 20865 7163 1407 426 132 24 15 2 2 1 2 0 0 0 
1038636 142571 45864 12519 4298 845 256 80 15 9 2 2 1 2 0 0 
1892894 363523 85543 27519 7512 2579 507 154 48 9 6 2 2 1 2 0 
3725439 662513 218114 51326 16512 4508 1548 305 93 29 6 6 2 2 1 2 
8782213 1303904 397508 130869 30796 9908 2705 929 183 56 18 6 6 2 2 1 
21462530 3073775 782343 238505 78522 18478 5945 1623 558 110 34 18 6 6 2 2 
48257034 7511886 1844265 469406 143103 47114 11087 3567 974 335 66 34 18 6 6 2 
96431937 16889962 4507132 1106559 281644 85862 28269 6653 2141 585 201 66 34 18 6 6 
216503015 33751178 10133978 2704280 663936 168987 51518 16962 3992 1285 351 201 66 34 18 6 
388463503 75776056 20250707 6080387 1622568 398362 101393 30911 10178 2396 771 351 201 66 34 18 
