260 13 184 279 
180 176 194 283 
1122 157 529 1248 
1106 778 916 1576 
3369 905 1868 4040 
6374 2456 3314 7958 
11678 4773 9659 14863 
34546 8861 27394 40548 
56428 24851 45673 72125 
119308 42952 92221 148481 
209890 89215 120345 269156 
512290 160128 268482 621318 
885600 376593 648996 1130325 
1651823 673522 985833 2108626 
3712830 1256397 2186974 4565059 
8601930 2754217 5171061 10412772 
18374112 6315569 10241680 22471315 
34874712 13582015 28123278 43764012 
74396832 26224199 38591214 91936645 
127051238 55373704 104522648 163614179 
295 13 208 314 
204 198 220 320 
1461 177 678 1604 
1439 1004 1186 2039 
4829 1173 2623 5695 
9368 3482 4823 11581 
18604 6971 15085 23214 
56843 13932 44753 66125 
99354 40655 79351 124824 
218399 74764 167291 268459 
407343 161980 228768 513822 
1038636 307358 536618 1245100 
1892894 757693 1372193 2380301 
3725439 1425334 2184963 4680406 
8782213 2803513 5086303 10659106 
21462530 6459179 12701354 25662457 
48257034 15630588 26498041 58288903 
96431937 35379765 76860332 119341075 
216503015 71844283 110645498 263999807 
388463503 159725408 315658036 492737902 
